4500.011111097394
125.65538326026491
125.37938297063066
125.10339050950327
124.82740592880674
124.55142928092943
124.2754606187186
123.9994999954894
123.7235474650389
123.44760308163464
123.17166690003305
122.89573897548347
122.61981936372307
122.34390812099919
122.06800530405712
121.79211097016298
121.51622517709728
121.24034798316102
120.9644794471908
120.68861962856127
120.41276858717931
120.13692638350803
119.86109307856692
119.58526873393015
119.30945341173909
119.03364717471973
118.75785008616462
118.48206220996092
118.20628361059028
117.93051435313278
117.65475450327817
117.37900412733035
117.10326329221697
116.82753206549165
116.55181051535004
116.27609871062451
116.0003967208103
115.7247046160536
115.44902246716886
115.1733503456523
114.89768832367645
114.62203647410925
114.34639487051676
114.07076358717754
113.79514269907975
113.51953228194381
113.24393241222124
112.968343167105
112.6927646245471
112.41719686325047
112.14163996269758
111.86609400314515
111.59055906564417
111.31503523203952
111.0395225849911
110.76402120797303
110.48853118528899
110.21305260208568
109.9375855443556
109.66213009895459
109.38668635360618
109.1112543969226
108.83583431839962
108.56042620844731
108.28503015838481
108.00964626045958
107.73427460786284
107.45891529472806
107.18356841616307
106.90823406824059
106.63291234802814
106.3576033535904
106.08230718400833
105.80702393938581
105.53175372087051
105.25649663065832
104.98125277201873
104.70602224929509
104.43080516793434
104.15560163447715
103.88041175660895
103.60523564313895
103.33007340403344
103.05492515042981
102.77979099464568
102.50467105020415
102.22956543184301
101.95447425552862
101.67939763847635
101.404335699176
101.12928855738977
100.85425633418515
100.57923915194621
100.30423713438933
100.02925040659143
99.75427909499444
99.47932332743913
99.20438323316417
98.92945894285101
98.65455058862109
98.37965830407121
98.1047822242808
97.82992248584365
97.55507922688436
97.28025258708273
97.00544270768829
96.73064973154615
96.45587380312703
96.18111506853887
95.90637367555598
95.631649773641
95.35694351396724
95.08225504944981
94.80758453476452
94.53293212637324
94.25829798254958
93.98368226341137
93.70908513093995
93.43450674900834
93.15994728341491
92.88540690189792
92.61088577418525
92.33638407199967
92.06190196911014
91.78743964134031
91.51299726662062
91.23857502500465
90.96417309870557
90.68979167213062
90.41543093190477
90.14109106692135
89.86677226835816
89.59247472972261
89.31819864688146
89.04394421810323
88.76971164408822
88.49550112800975
88.22131287555064
87.94714709493682
87.67300399699117
87.39888379515742
87.12478670555022
86.85071294698913
86.5766627410552
86.30263631211558
86.02863388738312
85.75465569694958
85.4807019738397
85.20677295405494
84.93286887660989
84.65898998360727
84.38513652025799
84.1113087349472
83.83750687928162
83.56373120814241
83.28998197973637
83.01625945565038
82.74256390091072
82.46889558402636
82.19525477706803
81.92164175570547
81.64805679927893
81.3745001908551
81.10097221728928
80.82747316929213
80.55400334149058
80.28056303249487
80.00715254495732
79.73377218566387
79.4604222655744
79.18710309991482
78.91381500824029
78.64055831451077
78.36733334716824
78.0941404392109
77.82097992828123
77.54785215672115
77.2747574716931
77.00169622522738
76.72866877432733
76.45567548104918
76.18271671259767
75.90979284140585
75.63690424523818
75.36405130728377
75.09123441624169
74.81845396643871
74.54571035791709
74.27300399653701
74.00033529409254
73.72770466840315
73.45511254344089
73.18255934943065
72.91004552296974
72.63757150713796
72.36513775163345
72.09274471287816
71.8203928541512
71.54808264571354
71.27581456494426
71.00358909646499
70.73140673228549
70.45926797194024
70.18717332262199
69.91512329934902
69.64311842509302
69.37115923094403
69.09924625626056
68.82738004883512
68.5555611650518
68.28379017005875
68.01206763793753
67.7403941518683
67.46877030433394
67.19719669727557
66.9256739422989
66.65420266085465
66.38278348444608
66.11141705481928
65.84010402417935
65.5688450553963
65.29764082221341
65.02649200948996
64.75539931340678
64.48436344170798
64.21338511393756
63.94246506168191
63.671604028820326
63.40080277178263
63.130062059807805
62.859382675210306
62.58876541366737
62.31821108448742
62.04772051090405
61.777294530376295
61.5069339948882
61.23663977125948
60.96641274147276
60.69625380299434
60.42616386910423
60.15614386926384
59.886194749441934
59.61631747249892
59.34651301854628
59.07678238533312
58.807126588642916
58.537546662689095
58.268043660528065
57.99861865448838
57.729272736605076
57.460007019065934
57.19082263466558
56.92172073728566
56.65270250237189
56.38376912743478
56.11492183256271
55.84616186094195
55.57749047939375
55.308908978941226
55.04041867536665
54.77202090979776
54.50371704931795
54.2355084875759
53.96739664542531
53.69938297158031
53.4314689432859
53.16365606700713
52.89594587914832
52.628339946778034
52.36083986838292
52.0934472746453
51.82616382923908
51.55899122964761
51.29193120801498
51.024985532009296
50.75815600571443
50.49144447056585
50.22485280628697
49.958382931866666
49.69203680657458
49.425816430988434
49.15972384807247
48.89376114426623
48.62793045063326
48.3622339440126
48.096673848244095
47.83125243539196
47.565972027040736
47.30083499560279
47.03584376568451
46.7710008155068
46.50630867831676
46.24176994392655
45.97738726021448
45.7131633347556
45.44910093641847
45.18520289710946
44.92147211347757
44.657911548747116
44.39452423458267
44.131313272990035
43.86828183833939
43.60543317938491
43.34277062142038
43.0802975684353
42.81801750541543
42.555934000656336
42.294050708191385
42.03237137030573
41.770899820093035
41.509639984158525
41.24859588535518
40.98777164567129
40.727171489149185
40.46679974498603
40.2066608506598
39.94675935522089
39.68709992268525
39.427687335515465
39.16852649828038
38.90962244137607
38.65098032495167
38.392605442893604
38.13450322703988
37.87667925145081
37.619139236913696
37.36188905556817
37.10493473568837
36.84828246667681
36.59193860419343
36.33590967551827
36.08020238505483
35.82482362009431
35.56978045673164
35.315080166044986
35.06073022048391
34.80673830047401
34.55311230131227
34.29986034025817
34.04699076395135
33.79451215604036
33.54243334515499
33.29076341312214
33.03951170352836
32.78868783059263
32.53830168833722
32.288363460164064
32.03888362872362
31.789872986208795
31.54134264498818
31.293304048677804
31.045768983588534
30.798749590634195
30.552258377672132
30.30630823228618
30.060912435083768
29.816084673445555
29.57183905582397
29.32819012652975
1761.9021385308188
28.842742782227344
28.60097577620564
28.35986831008859
28.11943734936677
27.879700396334712
27.640675509090947
27.402381321215355
27.164837062142645
26.92806257823225
26.692078354572775
26.456905537517684
26.22256595798018
25.989082155495126
25.75647740306516
25.524775732787614
25.294001962294605
25.06418172199319
24.835341483108973
24.607508586550644
24.380711272574896
24.154978711255527
23.93034103373311
23.706829364242225
23.484475852887613
23.26331370913047
23.043377235965327
22.824701864724673
22.607324190472607
22.39128200791019
22.1766143477156
21.96336151325548
21.75156511751646
21.541268120195483
21.332514864773724
21.125351115434494
20.919824093669543
20.715982514345203
20.5138766210665
20.31355822053353
20.115080715687945
19.918499137317504
19.91849913731717
20.115080715688073
20.31355822053326
20.51387662106628
20.71598251434604
20.91982409366875
21.125351115435176
21.332514864773323
21.54126812019592
21.75156511751592
21.963361513255894
22.17661434771586
22.391282007910164
22.607324190472593
22.82470186472465
23.04337723596505
23.263313709131232
23.484475852887478
23.706829364241948
23.930341033732766
24.154978711255364
24.380711272575756
24.6075085865496
24.835341483109268
25.064181721992746
25.29400196229552
25.52477573278719
25.756477403064984
25.989082155495495
26.222565957980226
26.456905537517585
26.692078354572725
26.928062578232982
27.164837062142148
27.402381321215362
27.640675509090347
27.879700396334762
28.119437349367335
28.35986831008802
28.60097577620606
28.842742782227443
29.085152881105746
29.328190126530632
29.571839055822597
29.81608467344645
30.06091243508311
30.306308232287936
30.55225837767093
30.79874959063467
31.04576898358807
31.293304048676614
31.54134264498942
31.789872986208813
32.038883628723966
32.28836346016319
32.53830168833872
32.788687830591186
33.03951170353023
33.29076341312057
33.54243334515409
33.794512156041854
34.04699076395047
34.29986034025906
34.55311230131113
34.80673830047525
35.060730220483805
35.315080166045874
35.56978045673094
35.82482362009288
36.08020238505615
36.335909675517264
36.59193860419462
36.8482824666757
37.10493473568916
37.361889055568334
37.61913923691443
37.876679251449296
38.134503227038685
38.39260544289608
38.65098032495009
38.909622441377294
39.168526498279405
39.42768733551707
39.68709992268411
39.94675935522182
40.206660850658444
40.46679974498505
40.7271714891507
40.98777164567038
41.24859588535605
41.50963998415784
41.770899820093945
42.03237137030462
42.294050708193005
42.55593400065475
42.818017505415625
43.08029756843597
43.34277062141924
43.60543317938626
43.868281838338575
44.13131327299146
44.39452423458146
44.657911548748615
44.92147211347586
45.1852028971087
45.44910093641954
45.713163334753176
45.97738726021797
46.24176994392532
46.50630867831816
46.77100081550542
47.03584376568641
47.3008349956011
47.5659720270408
47.8312524353925
48.09667384824366
48.362233944013944
48.62793045063164
48.893761144266726
49.159723848072
49.425816430989016
49.69203680657403
49.95838293186613
50.224852806287146
50.491444470566144
50.758156005715826
51.02498553200773
51.29193120801523
51.5589912296481
51.82616382923842
52.09344727464524
52.36083986838298
52.628339946777736
52.895945879148876
53.16365606700857
53.43146894328474
53.699382971579766
53.967396645425644
54.235508487574926
54.50371704931836
54.77202090979749
55.040418675366354
55.3089089789418
55.577490479395
55.84616186094058
56.11492183256304
56.38376912743543
56.65270250237086
56.92172073728575
57.190822634665615
57.46000701906545
57.729272736605786
57.9986186544902
58.26804366052695
58.53754666268809
58.8071265886431
59.07678238533369
59.34651301854553
59.61631747249864
59.88619474944279
60.15614386926366
60.426163869106375
60.69625380299186
60.96641274147285
61.23663977125979
61.50693399488823
61.77729453037562
62.047720510904185
62.31821108448711
62.5887654136683
62.85938267521203
63.130062059806605
63.40080277178201
63.67160402882127
63.942465061680466
64.21338511393776
64.48436344170813
64.75539931340646
65.02649200949037
65.29764082221513
65.56884505539392
65.84010402417984
66.11141705481893
66.38278348444585
66.65420266085476
66.9256739422991
67.19719669727638
67.46877030433295
67.74039415187134
68.01206763793448
68.28379017005952
68.55556116505159
68.82738004883494
69.0992462562612
69.37115923094363
69.64311842509294
69.91512329934909
70.18717332262379
70.45926797193788
70.7314067322861
71.00358909646471
71.2758145649438
71.54808264571446
71.82039285415055
72.09274471287874
72.36513775163316
72.63757150714031
72.91004552296717
73.18255934943036
73.4551125434419
73.72770466840295
74.00033529409203
74.27300399653767
74.54571035791719
74.81845396643863
75.09123441624351
75.3640513072815
75.63690424523816
75.90979284140562
76.18271671259825
76.45567548104957
76.72866877432676
77.00169622522708
77.2747574716925
77.5478521567241
77.8209799282784
78.09414043921215
78.36733334716749
78.64055831451051
78.91381500824072
79.18710309991485
79.46042226557479
79.73377218566328
80.00715254495967
80.28056303249201
80.55400334149041
80.82747316929307
81.1009722172888
81.37450019085492
81.648056799279
81.92164175570622
82.19525477706779
82.46889558402849
82.74256390090875
83.01625945565009
83.28998197973642
83.56373120814253
83.83750687928472
84.1113087349444
84.38513652026009
84.65898998360397
84.93286887661286
85.20677295404988
85.4807019738423
85.754655696947
86.02863388738594
86.30263631211807
86.57666274105229
86.85071294699223
87.124786705546
87.39888379516049
87.67300399698804
87.94714709494018
88.22131287554592
88.49550112801245
88.7697116440917
89.04394421809988
89.31819864688431
89.59247472971913
89.86677226836066
90.1410910669184
90.41543093190771
90.68979167212616
90.96417309870857
91.23857502500779
91.51299726661746
91.78743964134293
92.06190196910546
92.33638407200361
92.61088577418121
92.88540690190104
93.15994728341084
93.43450674901135
93.70908513094255
93.98368226340892
94.2582979825526
94.5329321263687
94.80758453476746
95.08225504944704
95.35694351397008
95.63164977363681
95.90637367555865
96.18111506854179
96.45587380312384
96.73064973154902
97.00544270768441
97.28025258708477
97.55507922688199
97.82992248584607
98.10478222427659
98.37965830407349
98.65455058862524
98.92945894284748
99.20438323316748
99.47932332743439
99.75427909499827
100.02925040658766
100.30423713439232
100.5792391519415
100.85425633418811
101.12928855739345
101.4043356991724
101.67939763848057
101.95447425552348
102.22956543184534
102.50467105020147
102.77979099464885
103.05492515042543
7095.632876962152
103.6052356431388
103.88041175660909
104.15560163447846
104.43080516793195
104.70602224929588
104.98125277201864
105.25649663065879
105.53175372086996
105.80702393938658
106.08230718400853
106.35760335358992
106.63291234802833
106.90823406824072
107.18356841616234
107.458915294729
107.73427460786164
108.00964626046076
108.28503015838385
108.56042620844794
108.83583431840063
109.11125439692127
109.38668635360752
109.6621300989542
109.93758554435496
110.21305260208491
110.48853118529023
110.76402120797296
111.0395225849905
111.31503523204066
111.5905590656441
111.86609400314515
112.14163996269622
112.4171968632509
112.6927646245464
112.9683431671064
113.243932412221
113.51953228194367
113.79514269908051
114.07076358717659
114.34639487051777
114.62203647410875
114.89768832367642
115.17335034565187
115.44902246717017
115.72470461605187
116.00039672080976
116.27609871062677
116.55181051534812
116.82753206549303
117.10326329221573
117.37900412733175
117.65475450327796
117.9305143531337
118.20628361058944
118.48206220996018
118.7578500861641
119.03364717471872
119.3094534117413
119.58526873392906
119.86109307856705
120.13692638350938
120.41276858717957
120.68861962855928
120.9644794471918
121.24034798316113
121.516225177096
121.79211097016368
122.06800530405778
122.34390812099876
122.61981936372302
122.89573897548298
123.17166690003434
123.44760308163414
123.72354746503775
123.99949999549133
124.27546061871746
124.55142928092876
124.82740592880666
125.10339050950496
125.37938297063008
125.6553832602638
125.65538326026476
125.37938297063158
125.10339050950328
124.82740592880725
124.55142928092901
124.27546061871693
123.99949999549253
123.72354746503756
123.4476030816341
123.17166690003414
122.89573897548158
122.61981936372487
122.34390812099896
122.0680053040565
121.79211097016305
121.51622517709824
121.24034798316059
120.96447944719104
120.68861962855974
120.41276858717848
120.13692638351114
119.86109307856657
119.58526873392913
119.30945341173991
119.0336471747201
118.75785008616351
118.48206220996023
118.20628361058976
117.93051435313292
117.65475450327962
117.37900412733042
117.10326329221698
116.82753206549137
116.55181051534979
116.27609871062502
116.00039672081017
115.72470461605273
115.44902246716875
115.17335034565369
114.89768832367625
114.62203647410774
114.34639487051746
114.07076358717825
113.79514269907968
113.51953228194317
113.24393241222093
112.9683431671057
112.69276462454778
112.41719686324971
112.14163996269669
111.86609400314548
111.59055906564504
111.31503523203968
111.03952258499129
110.76402120797212
110.48853118528869
110.21305260208688
109.9375855443549
109.66213009895368
109.38668635360658
109.11125439692344
108.83583431839955
108.56042620844731
108.2850301583839
108.00964626046003
107.73427460786128
107.45891529472846
107.18356841616581
106.90823406824008
106.63291234802784
106.35760335359076
106.08230718400743
105.80702393938563
105.53175372086977
105.25649663065833
104.98125277201841
104.70602224929874
104.4308051679318
104.15560163447786
103.88041175660884
103.60523564313826
103.33007340403312
103.05492515042909
102.77979099464514
102.50467105020492
102.22956543184503
101.95447425552723
101.67939763847706
101.40433569917612
101.1292885573897
100.85425633418511
100.57923915194465
100.30423713438938
100.02925040659076
99.75427909499851
99.47932332743748
99.2043832331638
98.9294589428513
98.65455058862143
98.37965830407072
98.1047822242794
97.82992248584331
97.55507922688504
97.28025258708477
97.00544270768684
96.73064973154634
96.45587380312666
96.18111506853897
95.90637367555652
95.63164977363921
95.35694351396691
95.08225504945031
94.80758453476687
94.5329321263723
94.25829798254934
93.98368226341093
93.70908513093985
93.43450674900949
93.15994728341327
92.88540690189822
92.61088577418457
92.33638407200282
92.06190196910929
91.7874396413403
91.5129972666194
91.23857502500498
90.96417309870569
90.6897916721297
90.41543093190431
90.14109106692158
89.86677226836083
89.59247472972127
89.31819864688168
89.04394421810308
88.76971164408883
88.49550112800952
88.22131287554885
87.94714709493678
87.67300399699148
87.3988837951596
87.1247867055488
86.85071294698979
86.5766627410551
86.30263631211577
86.02863388738265
85.75465569694988
85.48070197383964
85.20677295405198
84.9328688766126
84.65898998360741
84.3851365202575
84.11130873494716
83.83750687928223
83.56373120814236
83.28998197973611
83.01625945565054
82.74256390090851
82.46889558402799
82.19525477706858
81.9216417557059
81.64805679927896
81.37450019085439
81.10097221728988
80.8274731692924
80.55400334148929
80.2805630324934
80.00715254495938
79.73377218566372
79.46042226557516
79.18710309991428
78.91381500824
78.6405583145108
78.36733334716789
78.0941404392119
77.82097992827848
77.5478521567237
77.27475747169284
77.00169622522746
76.7286687743263
76.455675481051
76.18271671259609
75.90979284140633
75.6369042452382
75.36405130728221
75.09123441624307
74.81845396643904
74.54571035791616
74.27300399653832
74.00033529409225
73.72770466840278
73.4551125434416
73.18255934943036
72.91004552296793
72.63757150713967
72.36513775163343
72.09274471287804
71.82039285415138
71.54808264571405
71.2758145649435